 980703   VLA  Jul.    4.40 1998    1.22    4.86     146.      25.  fyb+03
 980703   VLA  Jul.    7.35 1998    4.17    8.46     890.      21.  fyb+03
 980703   VLA  Jul.    7.35 1998    4.17    4.86     912.      26.  fyb+03
 980703   VLA  Jul.    8.49 1998    5.31    8.46     965.      55.  fyb+03
 980703   VLA  Jul.    8.49 1998    5.31    4.86     635.      49.  fyb+03
 980703   VLA  Jul.    8.49 1998    5.31    1.43     120.      37.  fyb+03
 980703  JCMT  Jul.   10.50 1998    7.32  220.00     -99.    2600.  stv+99
 980703   VLA  Jul.   15.41 1998   12.23    8.46    1050.      35.  fyb+03
 980703   VLA  Jul.   15.41 1998   12.23    4.86     467.      43.  fyb+03
 980703  JCMT  Jul.   15.60 1998   12.42  350.00     -99.    1600.  stv+99
 980703  JCMT  Jul.   15.60 1998   12.42  650.00     -99.   20000.  stv+99
 980703   VLA  Jul.   17.56 1998   14.38    8.46     840.      72.  fyb+03
 980703   VLA  Jul.   17.56 1998   14.38    4.86    1200.      48.  fyb+03
 980703   VLA  Jul.   20.33 1998   17.15    8.46     882.      51.  fyb+03
 980703   VLA  Jul.   20.33 1998   17.15    4.86     520.      58.  fyb+03
 980703   VLA  Jul.   21.34 1998   18.16    8.46     720.      56.  fyb+03
 980703   VLA  Jul.   21.34 1998   18.16    4.86     491.      64.  fyb+03
 980703   VLA  Jul.   24.44 1998   21.26    8.46     564.      75.  fyb+03
 980703   VLA  Jul.   24.44 1998   21.26    4.86     382.      78.  fyb+03
 980703   VLA  Jul.   25.46 1998   22.28    8.46     709.      52.  fyb+03
 980703   VLA  Jul.   26.33 1998   23.15    8.46     504.      20.  fyb+03
 980703   VLA  Jul.   26.33 1998   23.15    4.86     236.      23.  fyb+03
 980703   VLA  Jul.   27.42 1998   24.24    8.46     584.      57.  fyb+03
 980703   VLA  Jul.   27.42 1998   24.24    4.86     368.      62.  fyb+03
 980703   VLA  Jul.   28.41 1998   25.23    8.46     502.      67.  fyb+03
 980703   VLA  Jul.   28.41 1998   25.23    4.86     341.      34.  fyb+03
 980703   VLA  Jul.   28.41 1998   25.23    1.43      25.      39.  fyb+03
 980703   VLA  Jul.   31.45 1998   28.27    8.46     593.      42.  fyb+03
 980703  VLBA  Aug.    2.30 1998   30.12    8.42     580.      60.  fyb+03
 980703   VLA  Aug.    2.36 1998   30.18    8.46     510.      43.  fyb+03
 980703   VLA  Aug.    2.36 1998   30.18    4.86     440.      47.  fyb+03
 980703   VLA  Aug.    2.36 1998   30.18    1.43     104.      37.  fyb+03
 980703   VLA  Aug.    3.44 1998   31.26    8.46     465.      34.  fyb+03
 980703   VLA  Aug.    5.41 1998   33.23    8.46     480.      40.  fyb+03
 980703   VLA  Aug.    5.41 1998   33.23    4.86     316.      46.  fyb+03
 980703   VLA  Aug.   11.29 1998   39.11    8.46     412.      22.  fyb+03
 980703   VLA  Aug.   11.29 1998   39.11    4.86     352.      21.  fyb+03
 980703   VLA  Aug.   21.28 1998   49.10    8.46     386.      49.  fyb+03
 980703   VLA  Aug.   21.28 1998   49.10    4.86     387.      43.  fyb+03
 980703   VLA  Aug.   21.28 1998   49.10    1.43     148.      37.  fyb+03
 980703   VLA  Aug.   24.22 1998   52.04    8.46     277.      35.  fyb+03
 980703   VLA  Aug.   24.22 1998   52.04    4.86     200.      51.  fyb+03
 980703   VLA  Aug.   24.22 1998   52.04    1.43     125.      42.  fyb+03
 980703   VLA  Aug.   28.22 1998   56.04    8.46     214.      35.  fyb+03
 980703   VLA  Aug.   28.22 1998   56.04    4.86      97.      40.  fyb+03
 980703   VLA  Aug.   28.22 1998   56.04    1.43      68.      37.  fyb+03
 980703   VLA  Sep.    4.35 1998   63.17    8.46     205.      40.  fyb+03
 980703   VLA  Sep.    4.35 1998   63.17    1.43      63.      32.  fyb+03
 980703   VLA  Sep.    6.49 1998   65.31    8.46     281.      37.  fyb+03
 980703   VLA  Sep.    6.49 1998   65.31    4.86     413.      49.  fyb+03
 980703   VLA  Sep.    6.49 1998   65.31    1.43     126.      52.  fyb+03
 980703   VLA  Sep.   14.57 1998   73.39    8.46     260.      26.  fyb+03
 980703   VLA  Sep.   26.22 1998   85.04    8.46     131.      33.  fyb+03
 980703   VLA  Sep.   26.22 1998   85.04    4.86     193.      43.  fyb+03
 980703   VLA  Sep.   26.22 1998   85.04    1.43      18.      46.  fyb+03
 980703   VLA  Sep.   30.32 1998   89.14    8.46     167.      26.  fyb+03
 980703   VLA  Oct.    6.32 1998   95.14    8.46     143.      33.  fyb+03
 980703   VLA  Oct.    6.32 1998   95.14    4.86      84.      32.  fyb+03
 980703   VLA  Oct.    6.32 1998   95.14    1.43      36.      42.  fyb+03
 980703   VLA  Oct.   18.31 1998  107.13    4.86     106.      19.  fyb+03
 980703   VLA  Oct.   30.24 1998  119.06    1.43     108.      52.  fyb+03
 980703   VLA  Nov.   10.08 1998  129.90    8.46      80.      18.  fyb+03
 980703   VLA  Nov.   10.08 1998  129.90    4.86      90.      21.  fyb+03
 980703   VLA  Nov.   15.03 1998  134.85    1.43      99.      25.  fyb+03
 980703   VLA  Nov.   23.97 1998  143.79    8.46     110.      20.  fyb+03
 980703   VLA  Nov.   23.97 1998  143.79    4.86     146.      24.  fyb+03
 980703   VLA  Dec.   27.04 1998  176.86    8.46     103.      16.  fyb+03
 980703   VLA  Dec.   27.04 1998  176.86    4.86     125.      27.  fyb+03
 980703   VLA  Jan.   29.89 1999  210.71    8.46      70.      17.  fyb+03
 980703   VLA  Jan.   29.89 1999  210.71    4.86      93.      18.  fyb+03
 980703   VLA  Jun.   20.83 1999  352.65    1.43      81.      18.  bkf01 
 980703   VLA  Jul.   19.41 1999  381.23    1.43      54.      10.  bkf01 
 980703   VLA  Sep.    4.82 1999  428.64    8.46      38.       8.  bkf01 
 980703   VLA  Nov.   24.06 1999  508.88    1.43      72.      11.  bkf01 
 980703   VLA  Mar.    5.70 2000  611.52    8.46      55.      19.  bkf01 
 980703   VLA  Oct.   28.69 2000  848.51    1.43      60.      13.  bkf01 
 980703   VLA  Dec.    3.58 2000  884.40    4.86      35.      11.  bkf01 
 980703   VLA  Dec.   28.57 2000  909.39    8.46      40.       8.  bkf01 
 980703   VLA  Feb.    3.47 2001  946.29    1.43     119.      23.  bkf01 
 980703   VLA  Feb.    8.08 2001  950.90    4.86      67.      28.  bkf01 
 980703   VLA  Mar.    5.99 2001  976.81    4.86      49.      16.  bkf01 
 980703   VLA  Mar.   15.98 2001  986.80    8.46      29.      12.  bkf01 
 980703   VLA  Apr.    1.26 2001 1003.08    1.43      83.      30.  bkf01 