 980425  ATCA  Apr.   28.90 1998    2.99    4.80    9000.     500.  kfw+98
 980425  ATCA  Apr.   28.90 1998    2.99    8.64   13000.     600.  kfw+98
 980425  ATCA  Apr.   29.95 1998    4.04    4.80    9900.     500.  kfw+98
 980425  ATCA  Apr.   29.95 1998    4.04    8.64   13000.     600.  kfw+98
 980425  ATCA   May    5.80 1998    9.89    4.80   39000.     800.  kfw+98
 980425  ATCA   May    5.80 1998    9.89    8.64   48000.    1000.  kfw+98
 980425  ATCA   May    7.64 1998   11.73    1.38    6200.     500.  kfw+98
 980425  ATCA   May    7.64 1998   11.73    2.50   19700.     600.  kfw+98
 980425  ATCA   May    7.64 1998   11.73    4.80   44600.     900.  kfw+98
 980425  ATCA   May    7.64 1998   11.73    8.64   49400.    1000.  kfw+98
 980425  JCMT   May    7.70 1998   11.79  150.00   39000.   11000.  kfw+98
 980425  ATCA   May   10.56 1998   14.65    1.38    7700.     500.  kfw+98
 980425  ATCA   May   10.56 1998   14.65    2.50   22300.     700.  kfw+98
 980425  ATCA   May   10.56 1998   14.65    4.80   39900.     900.  kfw+98
 980425  ATCA   May   10.56 1998   14.65    8.64   37600.     800.  kfw+98
 980425  ATCA   May   11.61 1998   15.70    1.38    9200.     500.  kfw+98
 980425  ATCA   May   11.61 1998   15.70    2.50   23500.     700.  kfw+98
 980425  ATCA   May   11.61 1998   15.70    4.80   37400.     800.  kfw+98
 980425  ATCA   May   11.61 1998   15.70    8.64   34300.     700.  kfw+98
 980425  ATCA   May   12.43 1998   16.52    1.38    8900.     500.  kfw+98
 980425  ATCA   May   12.43 1998   16.52    2.50   23900.     700.  kfw+98
 980425  ATCA   May   12.43 1998   16.52    4.80   37100.     800.  kfw+98
 980425  ATCA   May   12.43 1998   16.52    8.64   31400.     700.  kfw+98
 980425  ATCA   May   13.71 1998   17.80    1.38   11000.     500.  kfw+98
 980425  ATCA   May   13.71 1998   17.80    2.50   25100.     700.  kfw+98
 980425  ATCA   May   13.71 1998   17.80    4.80   32600.     700.  kfw+98
 980425  ATCA   May   13.71 1998   17.80    8.64   26200.     600.  kfw+98
 980425  ATCA   May   15.60 1998   19.69    1.38   12100.     600.  kfw+98
 980425  ATCA   May   15.60 1998   19.69    2.50   25300.     700.  kfw+98
 980425  ATCA   May   15.60 1998   19.69    4.80   28600.     600.  kfw+98
 980425  ATCA   May   15.60 1998   19.69    8.64   21600.     500.  kfw+98
 980425  ATCA   May   17.54 1998   21.63    1.38   12700.     600.  kfw+98
 980425  ATCA   May   17.54 1998   21.63    2.50   20900.     700.  kfw+98
 980425  ATCA   May   17.54 1998   21.63    4.80   24300.     600.  kfw+98
 980425  ATCA   May   17.54 1998   21.63    8.64   18800.     500.  kfw+98
 980425  ATCA   May   19.55 1998   23.64    1.38   11800.     600.  kfw+98
 980425  ATCA   May   19.55 1998   23.64    2.50   22900.     700.  kfw+98
 980425  ATCA   May   19.55 1998   23.64    4.80   24700.     600.  kfw+98
 980425  ATCA   May   19.55 1998   23.64    8.64   17600.     400.  kfw+98
 980425  ATCA   May   21.78 1998   25.87    1.38   16700.     600.  kfw+98
 980425  ATCA   May   21.78 1998   25.87    2.50   28000.     800.  kfw+98
 980425  ATCA   May   21.78 1998   25.87    4.80   27600.     600.  kfw+98
 980425  ATCA   May   21.78 1998   25.87    8.64   20900.     500.  kfw+98
 980425  ATCA   May   22.67 1998   26.76    1.38   15800.     600.  kfw+98
 980425  ATCA   May   22.67 1998   26.76    2.50   28700.     800.  kfw+98
 980425  ATCA   May   22.67 1998   26.76    4.80   29500.     700.  kfw+98
 980425  ATCA   May   22.67 1998   26.76    8.64   21700.     500.  kfw+98
 980425  ATCA   May   24.67 1998   28.76    1.38   19600.     600.  kfw+98
 980425  ATCA   May   24.67 1998   28.76    2.50   31100.     800.  kfw+98
 980425  ATCA   May   24.67 1998   28.76    4.80   30000.     700.  kfw+98
 980425  ATCA   May   24.67 1998   28.76    8.64   22000.     500.  kfw+98
 980425  ATCA   May   25.87 1998   29.96    1.38   20000.     600.  kfw+98
 980425  ATCA   May   25.87 1998   29.96    2.50   31300.     800.  kfw+98
 980425  ATCA   May   25.87 1998   29.96    4.80   30000.     700.  kfw+98
 980425  ATCA   May   25.87 1998   29.96    8.64   22100.     500.  kfw+98
 980425  ATCA   May   28.81 1998   32.90    1.38   23700.     700.  kfw+98
 980425  ATCA   May   28.81 1998   32.90    2.50   34300.     800.  kfw+98
 980425  ATCA   May   28.81 1998   32.90    4.80   30300.     700.  kfw+98
 980425  ATCA   May   28.81 1998   32.90    8.64   21300.     500.  kfw+98
 980425  ATCA   May   30.63 1998   34.72    1.38   23900.     700.  kfw+98
 980425  ATCA   May   30.63 1998   34.72    2.50   33500.     800.  kfw+98
 980425  ATCA   May   30.63 1998   34.72    4.80   28600.     600.  kfw+98
 980425  ATCA   May   30.63 1998   34.72    8.64   20200.     500.  kfw+98
 980425  ATCA  Jun.    1.76 1998   36.85    1.38   23500.     700.  kfw+98
 980425  ATCA  Jun.    1.76 1998   36.85    2.50   31800.     800.  kfw+98
 980425  ATCA  Jun.    1.76 1998   36.85    4.80   27000.     600.  kfw+98
 980425  ATCA  Jun.    1.76 1998   36.85    8.64   18400.     400.  kfw+98
 980425  ATCA  Jun.    3.68 1998   38.77    1.38   25200.     700.  kfw+98
 980425  ATCA  Jun.    3.68 1998   38.77    2.50   31000.     800.  kfw+98
 980425  ATCA  Jun.    3.68 1998   38.77    4.80   24600.     600.  kfw+98
 980425  ATCA  Jun.    3.68 1998   38.77    8.64   16100.     400.  kfw+98
 980425  ATCA  Jun.    4.90 1998   39.99    1.38   25900.     700.  kfw+98
 980425  ATCA  Jun.    4.90 1998   39.99    2.50   31300.     800.  kfw+98
 980425  ATCA  Jun.    4.90 1998   39.99    4.80   24100.     600.  kfw+98
 980425  ATCA  Jun.    4.90 1998   39.99    8.64   16600.     400.  kfw+98
 980425  ATCA  Jun.   10.56 1998   45.65    1.38   28900.     800.  kfw+98
 980425  ATCA  Jun.   10.56 1998   45.65    2.50   26800.     700.  kfw+98
 980425  ATCA  Jun.   10.56 1998   45.65    4.80   20700.     500.  kfw+98
 980425  ATCA  Jun.   10.56 1998   45.65    8.64   13200.     300.  kfw+98
 980425  ATCA  Jun.   16.63 1998   51.72    1.38   25800.     700.  kfw+98
 980425  ATCA  Jun.   16.63 1998   51.72    2.50   23100.     700.  kfw+98
 980425  ATCA  Jun.   16.63 1998   51.72    4.80   16300.     400.  kfw+98
 980425  ATCA  Jun.   16.63 1998   51.72    8.64   10500.     300.  kfw+98
 980425  ATCA  Jun.   22.61 1998   57.70    1.38   19700.     600.  kfw+98
 980425  ATCA  Jun.   22.61 1998   57.70    2.50   18500.     700.  kfw+98
 980425  ATCA  Jun.   22.61 1998   57.70    4.80   14000.     400.  kfw+98
 980425  ATCA  Jun.   22.61 1998   57.70    8.64    8100.     300.  kfw+98
 980425  ATCA  Jun.   29.61 1998   64.70    1.38   17400.     600.  kfw+98
 980425  ATCA  Jun.   29.61 1998   64.70    2.50   15600.     600.  kfw+98
 980425  ATCA  Jun.   29.61 1998   64.70    4.80   11400.     400.  kfw+98
 980425  ATCA  Jun.   29.61 1998   64.70    8.64    7700.     300.  kfw+98
 980425  ATCA  Jul.    2.61 1998   67.70    1.38   17400.     600.  kfw+98
 980425  ATCA  Jul.    2.61 1998   67.70    2.50   15600.     600.  kfw+98
 980425  ATCA  Jul.    2.61 1998   67.70    4.80   11100.     400.  kfw+98
 980425  ATCA  Jul.    2.61 1998   67.70    8.64    7200.     200.  kfw+98
 980425  ATCA  Jul.   15.41 1998   80.50    1.38   13000.     600.  kfw+98
 980425  ATCA  Jul.   15.41 1998   80.50    2.50    9600.     500.  kfw+98
 980425  ATCA  Jul.   15.41 1998   80.50    4.80    6300.     300.  kfw+98
 980425  ATCA  Jul.   15.41 1998   80.50    8.64    4100.     200.  kfw+98
 980425  ATCA  Jul.   22.61 1998   87.70    1.38   11000.     500.  wkf99 
 980425  ATCA  Jul.   22.61 1998   87.70    2.50    8200.     500.  wkf99 
 980425  ATCA  Jul.   22.61 1998   87.70    4.80    5000.     300.  wkf99 
 980425  ATCA  Jul.   22.61 1998   87.70    8.64    3300.     200.  wkf99 
 980425  ATCA  Jul.   28.31 1998   93.40    1.38   11300.     500.  wkf99 
 980425  ATCA  Jul.   28.31 1998   93.40    2.50    7300.     500.  wkf99 
 980425  ATCA  Jul.   28.31 1998   93.40    4.80    4000.     300.  wkf99 
 980425  ATCA  Jul.   28.31 1998   93.40    8.64    2200.     200.  wkf99 
 980425  ATCA  Aug.    6.71 1998  102.80    1.38    7700.     500.  wkf99 
 980425  ATCA  Aug.    6.71 1998  102.80    2.50    6300.     500.  wkf99 
 980425  ATCA  Aug.    6.71 1998  102.80    4.80    4300.     300.  wkf99 
 980425  ATCA  Aug.    6.71 1998  102.80    8.64    2700.     200.  wkf99 
 980425  ATCA  Aug.   18.71 1998  114.80    1.38    8200.     500.  wkf99 
 980425  ATCA  Aug.   18.71 1998  114.80    2.50    5700.     500.  wkf99 
 980425  ATCA  Aug.   18.71 1998  114.80    4.80    3200.     300.  wkf99 
 980425  ATCA  Aug.   18.71 1998  114.80    8.64    1900.     200.  wkf99 
 980425  ATCA  Aug.   30.71 1998  126.80    1.38    7700.     500.  wkf99 
 980425  ATCA  Aug.   30.71 1998  126.80    2.50    5300.     500.  wkf99 
 980425  ATCA  Aug.   30.71 1998  126.80    4.80    3400.     300.  wkf99 
 980425  ATCA  Aug.   30.71 1998  126.80    8.64    2000.     200.  wkf99 
 980425  ATCA  Sep.   22.41 1998  149.50    1.38    5400.     500.  wkf99 
 980425  ATCA  Sep.   22.41 1998  149.50    2.50    3800.     500.  wkf99 
 980425  ATCA  Sep.   22.41 1998  149.50    4.80    2500.     300.  wkf99 
 980425  ATCA  Sep.   22.41 1998  149.50    8.64    1500.     200.  wkf99 
 980425  ATCA  Nov.    4.31 1998  192.40    1.38    7300.     500.  wkf99 
 980425  ATCA  Nov.    4.31 1998  192.40    2.50    4700.     500.  wkf99 
 980425  ATCA  Nov.    4.31 1998  192.40    4.80    3100.     300.  wkf99 
 980425  ATCA  Nov.    4.31 1998  192.40    8.64    1900.     200.  wkf99 
 980425  ATCA  Dec.   30.11 1998  248.20    1.38    2400.     500.  wkf99 
 980425  ATCA  Dec.   30.11 1998  248.20    2.50    1600.     500.  wkf99 
 980425  ATCA  Dec.   30.11 1998  248.20    4.80    1100.     300.  wkf99 
 980425  ATCA  Dec.   30.11 1998  248.20    8.64     700.     200.  wkf99 
 980425  ATCA  Mar.   11.91 1999  320.00    1.38     900.     200.  fkbw03
 980425  ATCA  Mar.   11.91 1999  320.00    2.50     900.     200.  fkbw03
 980425  ATCA  Mar.   11.91 1999  320.00    4.80     400.     200.  fkbw03
 980425  ATCA  Mar.   11.91 1999  320.00    8.64     400.     200.  fkbw03
 980425  ATCA  Jun.   23.91 2000  790.00    1.38     700.     200.  fkbw03
 980425  ATCA  Jun.   23.91 2000  790.00    2.50     -99.     100.  fkbw03
 980425  ATCA  Jun.   23.91 2000  790.00    4.80     -99.     100.  fkbw03
 980425  ATCA  Jun.   23.91 2000  790.00    8.64     -99.     100.  fkbw03