1.44e9     0.15	  -99.0    45.0
1.41e9     0.80   -90.0    80.0
1.44e9     0.93   -99.0    89.0
1.41e9     1.74    20.0    70.0
86.80e9    2.25   -99.0  3600.0
1.41e9     2.73   140.0    70.0
86.80e9    3.02   -99.0  2600.0
86.80e9    4.56   -99.0  1300.0
8.46e9     5.06   430.0    25.0
1.41e9     5.72   -70.0    80.0
1.43e9     6.19   100.0    32.0
4.86e9     6.23   330.0    33.0
8.46e9     6.23   610.0    33.0
86.80e9    6.66   -99.0  2270.0
1.41e9     7.73   180.0    80.0
8.46e9     7.59   520.0    18.0
8.46e9     7.89   602.0    24.0
8.46e9     8.40   604.0    56.0
86.80e9    8.48   -99.0  1500.0
86.21e9    8.52   450.0   800.0
1.41e9     9.71   -60.0    70.0
1.44e9     9.93   -99.0    63.0
4.86e9     9.95   480.0    64.0
8.46e9     9.95   610.0    51.0
86.24e9   10.17  2380.0   510.0
232.03e9  10.17	 1620.0  2270.0
1.41e9    11.92   -30.0   110.0
8.46e9    12.10  1270.0   120.0
8.46e9    12.23   930.0   120.0
86.20e9   12.25  1740.0   430.0
232.03e9  12.25	-3050.0  2110.0
1.41e9    12.71   -80.0    80.0
4.86e9    13.20   410.0    47.0
8.46e9    13.20   570.0    42.0
4.86e9    13.59   360.0    31.0
8.46e9    13.59   880.0    33.0
87.76e9   14.09  1640.0   470.0
228.40e9  14.09   670.0  3000.0
8.46e9    14.10  1260.0   100.0
8.46e9    14.23   960.0   100.0
87.77e9   14.48   380.0   610.0
1.41e9    14.53  -290.0   130.0
8.46e9    15.58   550.0    44.0
8.46e9    16.06   470.0    43.0
1.41e9    16.87   110.0   160.0
8.46e9    16.95   480.0    45.0
4.86e9    18.77   770.0    54.0
8.46e9    18.77   500.0    49.0
1.41e9    18.83   200.0   110.0
8.46e9    19.20   538.0   100.0
8.46e9    19.33   835.0   100.0
86.00e9   19.51   -10.0   290.0
4.86e9    20.20  1350.0    55.0
8.46e9    20.20  1200.0    47.0
1.41e9    21.49    70.0   130.0
4.86e9    22.05   740.0    46.0
8.46e9    22.05   810.0    48.0
1.41e9    22.50   130.0   120.0
4.86e9    23.09   550.0    43.0
8.46e9    23.09   290.0    46.0
1.44e9    23.10   -99.0    52.0
1.41e9    23.49    60.0   140.0
4.86e9    24.39   650.0    44.0
8.46e9    24.39   720.0    62.0
1.43e9    24.41   135.0    45.0
1.41e9    24.49   100.0   120.0
8.46e9    24.51   940.0    27.0
8.46e9    24.60   960.0    40.0
4.86e9    25.00   540.0    46.0
8.46e9    25.00   760.0    45.0
4.86e9    26.04   530.0    51.0
8.46e9    26.04   670.0    43.0
4.86e9    28.07   850.0    36.0
8.46e9    28.07   690.0    28.0
1.41e9    28.52    70.0   150.0
1.41e9    30.53    30.0   370.0
4.86e9    31.84   470.0    38.0
8.46e9    31.84   530.0    38.0
1.41e9    32.80    50.0   140.0
1.43e9    34.93   130.0    20.0
4.86e9    35.09   640.0    43.0
8.46e9    35.09   600.0    39.0
1.41e9    36.47    70.0   120.0
4.86e9    36.83   590.0    69.0
8.46e9    36.83   460.0    66.0
1.41e9    37.47    10.0   120.0
1.41e9    38.54    90.0   130.0
4.86e9    40.02   400.0    49.0
8.46e9    40.02   560.0    40.0
4.86e9    41.06   640.0    55.0
8.46e9    41.06   630.0    63.0
4.86e9    42.96   550.0    36.0
8.46e9    42.96   800.0    32.0
4.86e9    45.03   425.0    43.0
8.46e9    45.03   645.0    38.0
4.86e9    48.73   610.0    70.0
8.46e9    48.73   680.0    46.0
4.86e9    50.78   500.0    34.0
8.46e9    50.78   565.0    36.0
1.40e9    53.59   370.0    50.0
4.86e9    54.46   805.0    38.0
8.46e9    54.46   805.0    43.0
4.86e9    56.69   605.0    50.0
8.46e9    56.69   710.0    49.0
4.86e9    63.20   630.0    32.0
8.46e9    63.20   725.0    40.0
1.40e9    66.55   490.0    80.0
4.86e9    66.71   585.0    48.0
8.46e9    66.71   680.0    46.0
4.86e9    67.43   550.0    31.0
8.46e9    67.43   630.0    37.0
4.86e9    70.54   505.0    62.0
8.46e9    70.54   575.0    61.0
1.43e9    70.72   305.0    48.0
4.86e9    70.74   535.0    43.0
8.46e9    70.74   515.0    41.0
4.86e9    74.65   385.0    51.0
8.46e9    74.65   440.0    51.0
1.41e9    78.72   110.0   140.0
1.43e9    81.03   485.0    45.0
4.86e9    82.56   360.0    70.0
8.46e9    82.56   455.0    85.0
4.86e9    87.11   370.0    38.0
8.46e9    87.11   380.0    42.0
1.41e9    87.33   430.0   170.0
4.86e9    88.45   550.0    61.0
8.46e9    88.45   445.0    50.0
4.86e9    90.33   515.0    37.0
8.46e9    90.33   430.0    39.0
4.86e9    94.36   615.0    37.0
8.46e9    94.36   640.0    40.0
86.55e9   96.14   140.0   380.0
1.41e9    97.30   220.0   210.0
4.86e9    98.23   770.0    57.0
8.46e9    98.23   565.0    49.0
1.41e9    99.35   140.0   100.0
4.86e9    99.72   610.0    55.0
8.46e9    99.72   400.0    60.0
1.41e9 	 100.38   170.0    80.0
1.41e9 	 101.33    80.0   100.0
4.86e9 	 102.05   500.0    42.0
8.46e9 	 102.05   300.0    35.0
1.43e9 	 102.11   250.0    70.0
1.40e9 	 103.40   250.0    80.0
1.41e9 	 105.33   200.0    90.0
4.86e9 	 105.60   710.0    52.0
8.46e9 	 105.60   470.0    44.0
1.43e9 	 105.62   230.0    59.0
1.40e9 	 112.27   480.0   120.0
8.46e9 	 114.92   315.0    70.0
1.41e9 	 115.27    80.0   100.0
4.86e9 	 117.55   425.0    57.0
8.46e9 	 117.55   355.0    47.0
1.43e9 	 117.56   206.0    63.0
8.46e9 	 118.81   370.0    70.0
8.46e9 	 122.50   350.0    47.0
1.43e9 	 122.51   216.0    67.0
1.40e9 	 123.32   360.0    90.0
4.86e9 	 126.74   400.0    41.0
8.46e9 	 126.74   370.0    39.0
1.43e9 	 126.78   333.0    65.0
1.41e9 	 137.32   260.0   100.0
1.44e9 	 140.45   -99.0    83.0
4.86e9 	 140.46   380.0    40.0
8.46e9 	 140.46   330.0    45.0
4.86e9 	 148.72   420.0    44.0
8.46e9 	 148.72   310.0    56.0
1.44e9 	 148.73   217.0   105.0
1.44e9 	 157.32   381.0   127.0
4.86e9 	 157.33   350.0    40.0
8.46e9 	 157.33   280.0    37.0
1.43e9 	 165.48   250.0    66.0
4.86e9 	 165.50   300.0    34.0
8.46e9 	 165.50   240.0    34.0
4.86e9 	 170.66   280.0    31.0
8.46e9 	 170.66   300.0    37.0
4.86e9 	 181.29   385.0    32.0
8.46e9 	 181.29   240.0    24.0
1.43e9 	 183.19   338.0    63.0
1.43e9 	 186.42   497.0    51.0
1.43e9 	 189.06   376.0    93.0
1.44e9 	 192.75   -99.0    93.0
4.86e9 	 194.25   325.0    37.0
8.46e9 	 194.25   240.0    30.0
1.43e9 	 194.55   303.0    53.0
1.43e9 	 197.56   199.0    62.0
1.43e9 	 198.14   271.0    74.0
1.44e9 	 200.05   208.0    77.0
1.43e9 	 201.26   155.0    43.0
1.43e9 	 202.21   170.0    50.0
1.44e9 	 203.50   -99.0    62.0
1.43e9 	 205.42   184.0    42.0
1.44e9 	 206.49   -99.0    71.0
1.44e9 	 211.75   -99.0    68.0
4.86e9 	 214.24   180.0    35.0
8.46e9 	 214.24   170.0    30.0
1.44e9 	 216.25   -99.0    64.0
4.86e9 	 238.18   220.0    35.0
8.46e9 	 238.18   160.0    30.0
4.86e9 	 255.00   275.0    53.0
4.86e9 	 257.08   235.0    41.0
8.46e9 	 257.08   150.0    36.0
4.86e9 	 263.87   220.0    50.0
8.47e9 	 263.87   -99.0    50.0
4.87e9 	 267.39   -99.0    80.0
8.47e9 	 267.39   -99.0    50.0
4.86e9 	 275.14   200.0    24.0
8.46e9 	 275.14    95.0    24.0
1.43e9 	 290.53   274.0    27.0
4.86e9 	 309.19   165.0    17.0
8.46e9 	 309.19   105.0    15.0
1.43e9 	 313.16   434.0    24.0
1.43e9 	 353.76   249.0    60.0
1.43e9 	 358.62   204.0    30.0
4.86e9 	 369.62   125.0    28.0
8.47e9 	 369.62   -99.0    25.0
4.87e9 	 408.93   104.0    44.0
8.47e9 	 408.93   -99.0    37.0
1.44e9 	 436.89   -99.0    32.0
1.44e9 	 445.83   -99.0    33.0
8.47e9	1215.38     8.0    19.0
